<?xml version="1.0" encoding="UTF-8"?>
<map version="1.10" tiledversion="1.11.2" orientation="orthogonal" renderorder="right-down" width="25" height="25" tilewidth="16" tileheight="16" infinite="0" nextlayerid="4" nextobjectid="1">
 <tileset firstgid="1" source="../Tilesets/tilemap_test.tsx"/>
 <layer id="2" name="Ground" width="25" height="25">
  <properties>
   <property name="unity:SortingLayer" value="Ground"/>
  </properties>
  <data encoding="csv">
0,0,0,0,0,0,0,0,0,0,0,0,0,0,0,0,0,0,0,0,0,0,0,0,0,
0,0,0,0,0,0,0,0,0,0,0,0,0,0,0,0,0,49,49,0,0,0,0,0,0,
0,0,0,0,0,0,0,0,0,0,0,0,0,0,0,0,0,49,49,0,0,0,0,0,0,
0,0,0,0,0,0,0,0,0,0,0,0,0,0,0,0,0,49,49,0,0,0,0,0,0,
0,0,0,0,0,0,0,0,0,0,0,0,0,0,0,0,0,49,49,0,0,0,0,0,0,
0,0,0,0,0,49,49,49,49,49,49,49,49,49,49,49,49,49,49,49,49,49,0,0,0,
0,0,0,0,0,49,49,49,49,49,49,49,49,49,49,49,49,49,49,49,49,49,0,0,0,
0,0,0,0,49,49,49,49,49,49,49,49,49,49,49,49,49,49,49,49,49,49,49,49,0,
0,0,0,0,49,49,49,49,49,49,49,49,49,49,49,49,49,49,49,49,49,49,49,49,0,
0,0,0,0,49,49,49,49,49,49,49,49,49,49,49,49,49,49,49,49,49,49,0,0,0,
0,0,0,0,49,49,49,49,49,0,0,0,0,0,0,0,0,0,0,0,0,0,0,0,0,
0,0,0,0,49,49,49,49,49,0,0,0,0,0,0,0,0,0,0,0,0,0,0,0,0,
0,49,49,49,49,49,49,49,49,0,0,0,0,0,0,0,0,0,0,0,0,0,0,0,0,
0,49,49,49,49,49,49,49,49,0,0,0,0,0,0,0,0,0,0,0,0,0,0,0,0,
0,0,0,0,49,49,49,49,49,49,49,49,0,0,0,0,0,0,0,0,0,0,0,0,0,
0,0,0,0,49,49,49,49,49,49,49,49,0,0,0,0,0,0,0,0,0,0,0,0,0,
0,0,0,0,49,49,49,49,49,49,49,49,49,49,49,49,49,49,49,49,49,49,0,0,0,
0,0,0,0,49,49,49,49,49,49,49,49,49,49,49,49,49,49,49,49,49,49,0,0,0,
0,0,0,0,49,49,49,49,49,49,49,49,49,49,49,49,49,49,49,49,49,49,0,0,0,
0,0,0,0,0,0,0,0,0,0,0,0,49,49,49,49,49,49,49,49,49,49,0,0,0,
0,0,0,0,0,0,0,0,0,0,0,0,49,49,49,49,49,49,49,49,49,49,0,0,0,
0,0,0,0,0,0,0,0,0,0,0,0,0,0,0,0,0,0,0,0,49,49,0,0,0,
0,0,0,0,0,0,0,0,0,0,0,0,0,0,0,0,0,0,0,0,49,49,0,0,0,
0,0,0,0,0,0,0,0,0,0,0,0,0,0,0,0,0,0,0,0,49,49,0,0,0,
0,0,0,0,0,0,0,0,0,0,0,0,0,0,0,0,0,0,0,0,0,0,0,0,0
</data>
 </layer>
 <layer id="1" name="Walls" width="25" height="25">
  <properties>
   <property name="unity:SortingLayer" value="Walls"/>
  </properties>
  <data encoding="csv">
0,0,0,0,0,0,0,0,0,0,0,0,0,0,0,0,0,0,0,0,0,0,0,0,0,
0,0,0,0,0,0,0,0,0,0,0,0,0,0,0,0,14,0,0,16,0,0,0,0,0,
0,0,0,0,0,3,3,3,3,3,3,3,3,3,3,3,3,0,0,3,3,3,16,0,0,
0,0,0,0,14,29,29,29,29,29,29,29,29,29,29,29,29,0,0,29,29,29,16,0,0,
0,0,0,14,3,41,41,41,41,41,41,41,41,41,41,41,41,0,0,41,41,41,3,3,0,
0,0,0,14,29,0,0,0,0,0,0,0,0,0,0,0,0,0,0,0,0,0,29,29,0,
0,0,0,14,41,0,0,0,0,0,0,0,0,0,0,0,0,0,0,0,0,0,41,41,0,
0,0,0,14,0,0,0,0,0,0,0,0,0,0,0,0,0,0,0,0,0,0,0,0,0,
0,0,0,14,0,0,0,0,0,0,0,0,0,0,0,0,0,0,0,0,0,0,0,0,0,
0,3,3,3,0,0,0,0,0,0,0,0,0,0,0,0,0,0,0,0,0,0,27,27,0,
0,29,29,29,0,0,0,0,0,5,27,27,27,27,27,27,27,27,27,27,27,27,16,0,0,
0,41,41,41,0,0,0,0,0,17,3,3,16,0,0,0,0,0,0,0,0,0,0,0,0,
0,0,0,0,0,0,0,0,0,29,29,29,16,0,0,0,0,0,0,0,0,0,0,0,0,
0,0,0,0,0,0,0,0,0,41,41,41,3,3,3,3,3,3,3,3,3,3,16,0,0,
0,27,27,27,0,0,0,0,0,0,0,0,29,29,29,29,29,29,29,29,29,29,16,0,0,
0,0,0,14,0,0,0,0,0,0,0,0,41,41,41,41,41,41,41,41,41,41,16,0,0,
0,0,0,14,0,0,0,0,0,0,0,0,0,0,0,0,0,0,0,0,0,0,16,0,0,
0,0,0,14,0,0,0,0,0,0,0,0,0,0,0,0,0,0,0,0,0,0,16,0,0,
0,0,0,14,0,0,0,0,0,0,0,0,0,0,0,0,0,0,0,0,0,0,16,0,0,
0,0,0,14,27,27,27,27,27,27,27,27,0,0,0,0,0,0,0,0,0,0,16,0,0,
0,0,0,0,0,0,0,0,0,0,0,14,0,0,0,0,0,0,0,0,0,0,16,0,0,
0,0,0,0,0,0,0,0,0,0,0,14,27,27,27,27,27,27,27,27,0,0,16,0,0,
0,0,0,0,0,0,0,0,0,0,0,0,0,0,0,0,0,0,0,14,0,0,16,0,0,
0,0,0,0,0,0,0,0,0,0,0,0,0,0,0,0,0,0,0,14,0,0,16,0,0,
0,0,0,0,0,0,0,0,0,0,0,0,0,0,0,0,0,0,0,0,0,0,0,0,0
</data>
 </layer>
 <layer id="3" name="Decorations" width="25" height="25">
  <properties>
   <property name="unity:SortingLayer" value="Default"/>
  </properties>
  <data encoding="csv">
0,0,0,0,0,0,0,0,0,0,0,0,0,0,0,0,0,0,0,0,0,0,0,0,0,
0,0,0,0,0,0,0,0,0,0,0,0,0,0,0,0,0,0,0,0,0,0,0,0,0,
0,0,0,0,0,0,0,0,0,0,0,0,0,0,0,0,0,0,0,0,0,0,0,0,0,
0,0,0,0,0,0,0,0,0,0,0,0,0,0,0,0,0,0,0,0,0,0,0,0,0,
0,0,0,0,0,0,0,0,0,0,0,0,0,0,0,0,0,0,0,0,0,0,0,0,0,
0,0,0,0,0,0,0,0,0,0,0,0,0,0,0,0,0,0,0,0,0,0,0,0,0,
0,0,0,0,0,0,0,0,0,0,0,0,0,0,0,0,0,0,0,0,0,0,0,0,0,
0,0,0,0,0,0,0,0,0,0,0,0,0,0,0,0,0,0,0,0,0,0,0,0,0,
0,0,0,0,0,0,0,0,0,0,0,0,0,0,0,0,0,0,0,0,0,0,0,0,0,
0,0,0,0,0,0,0,0,0,0,0,0,0,0,0,0,0,0,0,0,0,0,0,0,0,
0,0,0,0,0,0,0,0,0,0,0,0,0,0,0,0,0,0,0,0,0,0,0,0,0,
0,0,0,0,0,0,0,0,0,0,0,0,0,0,0,0,0,0,0,0,0,0,0,0,0,
0,0,0,0,0,0,0,0,0,0,0,0,0,0,0,0,0,0,0,0,0,0,0,0,0,
0,0,0,0,0,0,0,0,0,0,0,0,0,0,0,0,0,0,0,0,0,0,0,0,0,
0,0,0,0,0,0,0,0,0,0,0,0,0,0,0,0,0,0,0,0,0,0,0,0,0,
0,0,0,0,0,0,0,0,0,0,0,0,0,0,0,0,0,0,0,0,0,0,0,0,0,
0,0,0,0,0,0,0,0,0,0,0,0,0,0,0,0,0,0,0,0,0,0,0,0,0,
0,0,0,0,0,0,0,0,0,0,0,0,0,0,0,0,0,0,0,0,0,0,0,0,0,
0,0,0,0,0,0,0,0,0,0,0,0,0,0,0,0,0,0,0,0,0,0,0,0,0,
0,0,0,0,0,0,0,0,0,0,0,0,0,0,0,0,0,0,0,0,0,0,0,0,0,
0,0,0,0,0,0,0,0,0,0,0,0,0,0,0,0,0,0,0,0,0,0,0,0,0,
0,0,0,0,0,0,0,0,0,0,0,0,0,0,0,0,0,0,0,0,0,0,0,0,0,
0,0,0,0,0,0,0,0,0,0,0,0,0,0,0,0,0,0,0,0,0,0,0,0,0,
0,0,0,0,0,0,0,0,0,0,0,0,0,0,0,0,0,0,0,0,0,0,0,0,0,
0,0,0,0,0,0,0,0,0,0,0,0,0,0,0,0,0,0,0,0,0,0,0,0,0
</data>
 </layer>
</map>
