<?xml version="1.0" encoding="UTF-8"?>
<map version="1.10" tiledversion="1.11.2" orientation="orthogonal" renderorder="right-down" width="16" height="16" tilewidth="16" tileheight="16" infinite="0" nextlayerid="4" nextobjectid="1">
 <tileset firstgid="1" source="../Tilesets/tilemap_test.tsx"/>
 <layer id="2" name="Ground" width="16" height="16">
  <properties>
   <property name="unity:SortingLayer" value="Ground"/>
  </properties>
  <data encoding="csv">
0,0,0,0,0,0,0,0,0,0,0,0,0,0,0,0,
0,0,0,0,0,0,0,0,0,0,0,0,0,0,0,0,
0,0,0,0,0,0,0,49,49,0,0,0,0,0,0,0,
0,0,0,0,0,0,0,49,49,0,0,0,0,0,0,0,
0,0,0,0,0,0,0,49,49,0,0,0,0,0,0,0,
0,0,0,0,49,0,49,49,49,49,0,49,0,0,0,0,
0,0,0,0,49,49,49,49,49,49,49,49,0,0,0,0,
0,0,0,49,49,49,49,49,49,49,49,49,49,0,0,0,
0,0,0,49,49,49,49,49,49,49,49,49,49,0,0,0,
0,0,0,49,49,49,49,49,49,49,49,49,49,0,0,0,
0,0,0,49,49,49,49,49,49,49,49,49,49,0,0,0,
0,0,0,49,49,49,49,49,49,49,49,49,49,0,0,0,
0,0,0,49,49,49,49,49,49,49,49,49,49,0,0,0,
0,0,0,0,0,0,0,0,0,0,0,0,0,0,0,0,
0,0,0,0,0,0,0,0,0,0,0,0,0,0,0,0,
0,0,0,0,0,0,0,0,0,0,0,0,0,0,0,0
</data>
 </layer>
 <layer id="1" name="Walls" width="16" height="16">
  <properties>
   <property name="unity:SortingLayer" value="Walls"/>
  </properties>
  <data encoding="csv">
0,0,0,0,0,0,0,0,0,0,0,0,0,0,0,0,
0,0,0,0,0,0,0,0,0,0,0,0,0,0,0,0,
0,0,0,2,3,3,18,0,0,17,3,3,4,0,0,0,
0,0,0,14,15,15,60,0,0,58,15,15,16,0,0,0,
0,0,2,18,15,21,60,0,0,58,21,15,17,4,0,0,
0,0,14,60,0,33,0,0,0,0,33,0,58,16,0,0,
0,0,14,60,0,0,0,0,0,0,0,0,58,16,0,0,
0,0,14,0,0,0,0,0,0,0,0,0,0,16,0,0,
0,0,14,0,0,0,0,0,0,0,0,0,0,16,0,0,
0,0,14,0,0,0,0,0,0,0,0,0,0,16,0,0,
0,0,14,0,0,0,0,0,0,0,0,0,0,16,0,0,
0,0,14,0,0,0,0,0,0,0,0,0,0,16,0,0,
0,0,14,0,0,0,0,0,0,0,0,0,0,16,0,0,
0,0,0,27,27,27,27,27,27,27,27,27,27,0,0,0,
0,0,0,0,0,0,0,0,0,0,0,0,0,0,0,0,
0,0,0,0,0,0,0,0,0,0,0,0,0,0,0,0
</data>
 </layer>
 <layer id="3" name="Decorations" width="16" height="16" visible="0">
  <properties>
   <property name="unity:SortingLayer" value="Default"/>
  </properties>
  <data encoding="csv">
0,0,0,0,0,0,0,0,0,0,0,0,0,0,0,0,
0,0,0,0,0,0,0,0,0,0,0,0,0,0,0,0,
0,0,0,0,0,0,0,0,0,0,0,0,0,0,0,0,
0,0,0,0,0,0,0,0,0,0,0,0,0,0,0,0,
0,0,0,0,0,0,0,0,0,0,0,0,0,0,0,0,
0,0,0,0,0,0,0,0,0,0,0,0,0,0,0,0,
0,0,0,0,0,0,0,0,0,0,0,0,0,0,0,0,
0,0,0,0,0,0,0,0,0,0,0,0,0,0,0,0,
0,0,0,0,0,0,0,0,0,0,0,0,0,0,0,0,
0,0,0,0,0,0,0,0,0,0,0,0,0,0,0,0,
0,0,0,0,0,0,0,0,0,0,0,0,0,0,0,0,
0,0,0,0,0,0,0,0,0,0,0,0,0,0,0,0,
0,0,0,0,0,0,0,0,0,0,0,0,0,0,0,0,
0,0,0,0,0,0,0,0,0,0,0,0,0,0,0,0,
0,0,0,0,0,0,0,0,0,0,0,0,0,0,0,0,
0,0,0,0,0,0,0,0,0,0,0,0,0,0,0,0
</data>
 </layer>
</map>
