<?xml version="1.0" encoding="UTF-8"?>
<map version="1.10" tiledversion="1.11.2" orientation="orthogonal" renderorder="right-down" width="20" height="20" tilewidth="16" tileheight="16" infinite="0" nextlayerid="14" nextobjectid="9">
 <properties>
  <property name="unity:SortingLayer" value="Walls"/>
  <property name="unity:SortingOrder" value="10"/>
  <property name="unity:layer" value="IgnoreProjectile"/>
 </properties>
 <tileset firstgid="1" source="../Tilesets/SpriteSheetGeneral.tsx"/>
 <tileset firstgid="109" source="../Tilesets/Doors.tsx"/>
 <layer id="1" name="Ground" width="20" height="20">
  <properties>
   <property name="unity:SortingLayer" value="Ground"/>
  </properties>
  <data encoding="csv">
0,0,0,0,0,0,0,0,0,0,0,0,0,0,0,0,0,0,0,0,
0,0,0,0,0,0,0,0,0,91,93,0,0,0,0,0,0,0,0,0,
0,0,0,0,0,0,0,0,0,93,76,0,0,0,0,0,0,0,0,0,
0,0,0,0,0,0,0,0,0,76,91,0,0,0,0,0,0,0,0,0,
0,0,0,0,0,0,0,0,0,125,126,0,0,0,0,0,0,0,0,0,
0,0,0,0,94,92,92,76,91,92,78,78,93,92,91,91,0,0,0,0,
0,0,0,0,92,94,78,91,91,91,92,92,92,93,93,91,0,0,0,0,
0,0,0,0,77,92,92,93,91,92,93,93,91,93,91,76,0,0,0,0,
0,0,0,0,94,91,92,93,93,93,93,93,92,91,92,78,0,0,0,0,
0,0,0,0,78,91,93,91,91,91,93,92,93,92,92,92,0,0,0,0,
0,0,0,0,92,93,91,92,91,91,92,93,91,93,93,94,0,0,0,0,
0,0,0,0,77,91,93,92,91,92,91,92,92,93,94,76,0,0,0,0,
0,92,92,128,91,92,93,91,91,92,92,93,91,93,92,94,128,93,93,0,
0,77,91,132,91,92,92,92,92,92,91,93,92,78,92,92,132,91,78,0,
0,0,0,0,92,94,94,95,78,93,93,93,95,77,92,91,0,0,0,0,
0,0,0,0,92,93,95,78,94,92,93,95,95,95,95,91,0,0,0,0,
0,0,0,0,0,0,0,0,0,93,92,0,0,0,0,0,0,0,0,0,
0,0,0,0,0,0,0,0,0,125,126,0,0,0,0,0,0,0,0,0,
0,0,0,0,0,0,0,0,0,92,92,0,0,0,0,0,0,0,0,0,
0,0,0,0,0,0,0,0,0,0,0,0,0,0,0,0,0,0,0,0
</data>
 </layer>
 <layer id="11" name="PhaseWalls" width="20" height="20">
  <properties>
   <property name="unity:SortingLayer" value="Walls"/>
   <property name="unity:layer" value="IgnoreProjectile"/>
  </properties>
  <data encoding="csv">
0,0,0,0,0,0,0,0,0,0,0,0,0,0,0,0,0,0,0,0,
0,0,0,0,0,0,0,0,0,0,0,0,0,0,0,0,0,0,0,0,
0,0,0,0,0,0,0,0,0,0,0,0,0,0,0,0,0,0,0,0,
0,0,0,0,0,0,0,0,0,0,0,0,0,0,0,0,0,0,0,0,
0,0,0,0,74,74,74,74,75,0,0,73,74,74,74,74,0,0,0,0,
0,0,0,0,0,0,0,0,0,0,0,0,0,0,0,0,0,0,0,0,
0,0,0,0,0,0,0,0,0,0,0,0,0,0,0,0,0,0,0,0,
0,0,0,0,0,0,0,0,0,0,0,0,0,0,0,0,0,0,0,0,
0,0,0,0,0,0,0,0,0,0,0,0,0,0,0,0,0,0,0,0,
0,0,0,0,0,0,0,0,0,0,0,0,0,0,0,0,0,0,0,0,
0,0,0,0,0,0,0,0,0,0,0,0,0,0,0,0,0,0,0,0,
0,74,74,75,0,0,0,0,0,0,0,0,0,0,0,0,73,74,74,0,
0,0,0,0,0,0,0,0,0,0,0,0,0,0,0,0,0,0,0,0,
0,0,0,0,0,0,0,0,0,97,97,0,0,0,0,0,0,0,0,0,
0,0,0,0,0,0,0,0,0,0,0,0,0,0,0,0,0,0,0,0,
0,0,0,0,0,0,0,0,0,0,0,0,0,0,0,0,0,0,0,0,
0,0,0,0,0,0,0,0,0,0,0,0,0,0,0,0,0,0,0,0,
0,0,0,0,0,0,0,0,0,0,0,0,0,0,0,0,0,0,0,0,
0,0,0,0,0,0,0,0,0,0,0,0,0,0,0,0,0,0,0,0,
0,0,0,0,0,0,0,0,0,0,0,0,0,0,0,0,0,0,0,0
</data>
 </layer>
 <layer id="2" name="Walls" width="20" height="20">
  <properties>
   <property name="unity:SortingLayer" value="Walls"/>
   <property name="unity:layer" value="Wall"/>
  </properties>
  <data encoding="csv">
0,0,0,0,0,0,0,0,0,0,0,0,0,0,0,0,0,0,0,0,
0,20,20,20,20,20,20,20,21,0,0,19,20,20,20,20,20,20,20,0,
0,20,20,44,38,38,38,38,39,0,0,37,38,38,38,38,45,20,20,0,
0,20,20,21,56,56,56,56,57,0,0,55,56,56,56,56,19,20,20,0,
0,20,20,21,0,0,0,0,0,0,0,0,0,0,0,0,19,20,20,0,
0,20,20,21,0,0,0,0,0,0,0,0,0,0,0,0,19,20,20,0,
0,20,20,21,0,0,0,0,0,0,0,0,0,0,0,0,19,20,20,0,
0,20,20,21,0,0,0,0,0,0,0,0,0,0,0,0,19,20,20,0,
0,20,20,21,0,0,0,0,0,0,0,0,0,0,0,0,19,20,20,0,
0,38,38,39,0,0,0,0,0,0,0,0,0,0,0,0,37,38,38,0,
0,56,56,57,0,0,0,0,0,19,21,0,0,0,0,0,55,56,56,0,
0,0,0,0,0,0,0,0,0,37,39,0,0,0,0,0,0,0,0,0,
0,0,0,0,0,0,0,0,0,79,79,0,0,0,0,0,0,0,0,0,
0,0,0,0,0,0,0,0,0,0,0,0,0,0,0,0,0,0,0,0,
0,0,0,0,0,0,0,0,0,0,0,0,0,0,0,0,0,0,0,0,
0,20,20,21,0,0,0,0,0,0,0,0,0,0,0,0,19,20,20,0,
0,20,20,62,0,0,0,0,0,0,0,0,0,0,0,0,63,20,20,0,
0,20,20,20,20,20,20,20,21,0,0,19,20,20,20,20,20,20,20,0,
0,20,20,20,20,20,20,20,21,0,0,19,20,20,20,20,20,20,20,0,
0,0,0,0,0,0,0,0,0,0,0,0,0,0,0,0,0,0,0,0
</data>
 </layer>
 <layer id="3" name="BottomWalls" width="20" height="20">
  <properties>
   <property name="unity:SortingLayer" value="Entities"/>
   <property name="unity:SortingOrder" type="int" value="100"/>
   <property name="unity:layer" value="IgnorePlayer"/>
  </properties>
  <data encoding="csv">
0,0,0,0,0,0,0,0,0,0,0,0,0,0,0,0,0,0,0,0,
0,0,0,0,0,0,0,0,0,0,0,0,0,0,0,0,0,0,0,0,
0,0,0,0,0,0,0,0,0,0,0,0,0,0,0,0,0,0,0,0,
0,0,0,0,0,0,0,0,0,0,0,0,0,0,0,0,0,0,0,0,
0,0,0,0,0,0,0,0,0,0,0,0,0,0,0,0,0,0,0,0,
0,0,0,0,0,0,0,0,0,0,0,0,0,0,0,0,0,0,0,0,
0,0,0,0,0,0,0,0,0,0,0,0,0,0,0,0,0,0,0,0,
0,0,0,0,0,0,0,0,0,0,0,0,0,0,0,0,0,0,0,0,
0,0,0,0,0,0,0,0,0,0,0,0,0,0,0,0,0,0,0,0,
0,0,0,0,0,0,0,0,0,1,3,0,0,0,0,0,0,0,0,0,
0,0,0,0,0,0,0,0,0,0,0,0,0,0,0,0,0,0,0,0,
0,0,0,0,0,0,0,0,0,0,0,0,0,0,0,0,0,0,0,0,
0,0,0,0,0,0,0,0,0,0,0,0,0,0,0,0,0,0,0,0,
0,0,0,0,0,0,0,0,0,0,0,0,0,0,0,0,0,0,0,0,
0,2,2,3,0,0,0,0,0,0,0,0,0,0,0,0,1,2,2,0,
0,0,0,0,0,0,0,0,0,0,0,0,0,0,0,0,0,0,0,0,
0,0,0,0,2,2,2,2,3,0,0,1,2,2,2,2,0,0,0,0,
0,0,0,0,0,0,0,0,0,0,0,0,0,0,0,0,0,0,0,0,
0,0,0,0,0,0,0,0,0,0,0,0,0,0,0,0,0,0,0,0,
0,0,0,0,0,0,0,0,0,0,0,0,0,0,0,0,0,0,0,0
</data>
 </layer>
 <layer id="4" name="WestExit" width="20" height="20">
  <properties>
   <property name="unity:SortingLayer" value="Entities"/>
   <property name="unity:SortingOrder" type="int" value="101"/>
   <property name="unity:layer" value="Wall"/>
  </properties>
  <data encoding="csv">
0,0,0,0,0,0,0,0,0,0,0,0,0,0,0,0,0,0,0,0,
0,0,0,0,0,0,0,0,0,0,0,0,0,0,0,0,0,0,0,0,
0,0,0,0,0,0,0,0,0,0,0,0,0,0,0,0,0,0,0,0,
0,0,0,0,0,0,0,0,0,0,0,0,0,0,0,0,0,0,0,0,
0,0,0,0,0,0,0,0,0,0,0,0,0,0,0,0,0,0,0,0,
0,0,0,0,0,0,0,0,0,0,0,0,0,0,0,0,0,0,0,0,
0,0,0,0,0,0,0,0,0,0,0,0,0,0,0,0,0,0,0,0,
0,0,0,0,0,0,0,0,0,0,0,0,0,0,0,0,0,0,0,0,
0,0,0,0,0,0,0,0,0,0,0,0,0,0,0,0,0,0,0,0,
0,20,20,21,0,0,0,0,0,0,0,0,0,0,0,0,0,0,0,0,
0,20,20,21,0,0,0,0,0,0,0,0,0,0,0,0,0,0,0,0,
0,20,20,21,0,0,0,0,0,0,0,0,0,0,0,0,0,0,0,0,
0,20,20,21,0,0,0,0,0,0,0,0,0,0,0,0,0,0,0,0,
0,20,20,21,0,0,0,0,0,0,0,0,0,0,0,0,0,0,0,0,
0,20,20,21,0,0,0,0,0,0,0,0,0,0,0,0,0,0,0,0,
0,0,0,0,0,0,0,0,0,0,0,0,0,0,0,0,0,0,0,0,
0,0,0,0,0,0,0,0,0,0,0,0,0,0,0,0,0,0,0,0,
0,0,0,0,0,0,0,0,0,0,0,0,0,0,0,0,0,0,0,0,
0,0,0,0,0,0,0,0,0,0,0,0,0,0,0,0,0,0,0,0,
0,0,0,0,0,0,0,0,0,0,0,0,0,0,0,0,0,0,0,0
</data>
 </layer>
 <layer id="5" name="EastExit" width="20" height="20">
  <properties>
   <property name="unity:SortingLayer" value="Entities"/>
   <property name="unity:SortingOrder" type="int" value="101"/>
   <property name="unity:layer" value="Wall"/>
  </properties>
  <data encoding="csv">
0,0,0,0,0,0,0,0,0,0,0,0,0,0,0,0,0,0,0,0,
0,0,0,0,0,0,0,0,0,0,0,0,0,0,0,0,0,0,0,0,
0,0,0,0,0,0,0,0,0,0,0,0,0,0,0,0,0,0,0,0,
0,0,0,0,0,0,0,0,0,0,0,0,0,0,0,0,0,0,0,0,
0,0,0,0,0,0,0,0,0,0,0,0,0,0,0,0,0,0,0,0,
0,0,0,0,0,0,0,0,0,0,0,0,0,0,0,0,0,0,0,0,
0,0,0,0,0,0,0,0,0,0,0,0,0,0,0,0,0,0,0,0,
0,0,0,0,0,0,0,0,0,0,0,0,0,0,0,0,0,0,0,0,
0,0,0,0,0,0,0,0,0,0,0,0,0,0,0,0,0,0,0,0,
0,0,0,0,0,0,0,0,0,0,0,0,0,0,0,0,19,20,20,0,
0,0,0,0,0,0,0,0,0,0,0,0,0,0,0,0,19,20,20,0,
0,0,0,0,0,0,0,0,0,0,0,0,0,0,0,0,19,20,20,0,
0,0,0,0,0,0,0,0,0,0,0,0,0,0,0,0,19,20,20,0,
0,0,0,0,0,0,0,0,0,0,0,0,0,0,0,0,19,20,20,0,
0,0,0,0,0,0,0,0,0,0,0,0,0,0,0,0,19,20,20,0,
0,0,0,0,0,0,0,0,0,0,0,0,0,0,0,0,0,0,0,0,
0,0,0,0,0,0,0,0,0,0,0,0,0,0,0,0,0,0,0,0,
0,0,0,0,0,0,0,0,0,0,0,0,0,0,0,0,0,0,0,0,
0,0,0,0,0,0,0,0,0,0,0,0,0,0,0,0,0,0,0,0,
0,0,0,0,0,0,0,0,0,0,0,0,0,0,0,0,0,0,0,0
</data>
 </layer>
 <layer id="6" name="SouthExit" width="20" height="20" visible="0">
  <properties>
   <property name="unity:SortingLayer" value="Entities"/>
   <property name="unity:SortingOrder" type="int" value="100"/>
   <property name="unity:layer" value="Wall"/>
  </properties>
  <data encoding="csv">
0,0,0,0,0,0,0,0,0,0,0,0,0,0,0,0,0,0,0,0,
0,0,0,0,0,0,0,0,0,0,0,0,0,0,0,0,0,0,0,0,
0,0,0,0,0,0,0,0,0,0,0,0,0,0,0,0,0,0,0,0,
0,0,0,0,0,0,0,0,0,0,0,0,0,0,0,0,0,0,0,0,
0,0,0,0,0,0,0,0,0,0,0,0,0,0,0,0,0,0,0,0,
0,0,0,0,0,0,0,0,0,0,0,0,0,0,0,0,0,0,0,0,
0,0,0,0,0,0,0,0,0,0,0,0,0,0,0,0,0,0,0,0,
0,0,0,0,0,0,0,0,0,0,0,0,0,0,0,0,0,0,0,0,
0,0,0,0,0,0,0,0,0,0,0,0,0,0,0,0,0,0,0,0,
0,0,0,0,0,0,0,0,0,0,0,0,0,0,0,0,0,0,0,0,
0,0,0,0,0,0,0,0,0,0,0,0,0,0,0,0,0,0,0,0,
0,0,0,0,0,0,0,0,0,0,0,0,0,0,0,0,0,0,0,0,
0,0,0,0,0,0,0,0,0,0,0,0,0,0,0,0,0,0,0,0,
0,0,0,0,0,0,0,0,0,0,0,0,0,0,0,0,0,0,0,0,
0,0,0,0,0,0,0,0,0,0,0,0,0,0,0,0,0,0,0,0,
0,0,0,0,0,0,0,0,0,0,0,0,0,0,0,0,0,0,0,0,
0,0,0,0,0,0,0,0,2,2,2,2,0,0,0,0,0,0,0,0,
0,0,0,0,0,0,0,0,20,20,20,20,0,0,0,0,0,0,0,0,
0,0,0,0,0,0,0,0,20,20,20,20,0,0,0,0,0,0,0,0,
0,0,0,0,0,0,0,0,0,0,0,0,0,0,0,0,0,0,0,0
</data>
 </layer>
 <layer id="7" name="NorthExit" width="20" height="20">
  <properties>
   <property name="unity:SortingLayer" value="Walls"/>
   <property name="unity:SortingOrder" type="int" value="10"/>
   <property name="unity:layer" value="Wall"/>
  </properties>
  <data encoding="csv">
0,0,0,0,0,0,0,0,0,0,0,0,0,0,0,0,0,0,0,0,
0,0,0,0,0,0,0,0,20,20,20,20,20,0,0,0,0,0,0,0,
0,0,0,0,0,0,0,0,38,38,38,38,0,0,0,0,0,0,0,0,
0,0,0,0,0,0,0,0,56,56,56,56,0,0,0,0,0,0,0,0,
0,0,0,0,0,0,0,0,0,0,0,0,0,0,0,0,0,0,0,0,
0,0,0,0,0,0,0,0,0,0,0,0,0,0,0,0,0,0,0,0,
0,0,0,0,0,0,0,0,0,0,0,0,0,0,0,0,0,0,0,0,
0,0,0,0,0,0,0,0,0,0,0,0,0,0,0,0,0,0,0,0,
0,0,0,0,0,0,0,0,0,0,0,0,0,0,0,0,0,0,0,0,
0,0,0,0,0,0,0,0,0,0,0,0,0,0,0,0,0,0,0,0,
0,0,0,0,0,0,0,0,0,0,0,0,0,0,0,0,0,0,0,0,
0,0,0,0,0,0,0,0,0,0,0,0,0,0,0,0,0,0,0,0,
0,0,0,0,0,0,0,0,0,0,0,0,0,0,0,0,0,0,0,0,
0,0,0,0,0,0,0,0,0,0,0,0,0,0,0,0,0,0,0,0,
0,0,0,0,0,0,0,0,0,0,0,0,0,0,0,0,0,0,0,0,
0,0,0,0,0,0,0,0,0,0,0,0,0,0,0,0,0,0,0,0,
0,0,0,0,0,0,0,0,0,0,0,0,0,0,0,0,0,0,0,0,
0,0,0,0,0,0,0,0,0,0,0,0,0,0,0,0,0,0,0,0,
0,0,0,0,0,0,0,0,0,0,0,0,0,0,0,0,0,0,0,0,
0,0,0,0,0,0,0,0,0,0,0,0,0,0,0,0,0,0,0,0
</data>
 </layer>
 <layer id="12" name="NorthPhaseWall" width="20" height="20">
  <properties>
   <property name="unity:SortingLayer" value="Walls"/>
   <property name="unity:SortingOrder" value="10"/>
   <property name="unity:layer" value="IgnoreProjectile"/>
  </properties>
  <data encoding="csv">
0,0,0,0,0,0,0,0,0,0,0,0,0,0,0,0,0,0,0,0,
0,0,0,0,0,0,0,0,0,0,0,0,0,0,0,0,0,0,0,0,
0,0,0,0,0,0,0,0,0,0,0,0,0,0,0,0,0,0,0,0,
0,0,0,0,0,0,0,0,0,0,0,0,0,0,0,0,0,0,0,0,
0,0,0,0,0,0,0,0,74,74,74,74,0,0,0,0,0,0,0,0,
0,0,0,0,0,0,0,0,0,0,0,0,0,0,0,0,0,0,0,0,
0,0,0,0,0,0,0,0,0,0,0,0,0,0,0,0,0,0,0,0,
0,0,0,0,0,0,0,0,0,0,0,0,0,0,0,0,0,0,0,0,
0,0,0,0,0,0,0,0,0,0,0,0,0,0,0,0,0,0,0,0,
0,0,0,0,0,0,0,0,0,0,0,0,0,0,0,0,0,0,0,0,
0,0,0,0,0,0,0,0,0,0,0,0,0,0,0,0,0,0,0,0,
0,0,0,0,0,0,0,0,0,0,0,0,0,0,0,0,0,0,0,0,
0,0,0,0,0,0,0,0,0,0,0,0,0,0,0,0,0,0,0,0,
0,0,0,0,0,0,0,0,0,0,0,0,0,0,0,0,0,0,0,0,
0,0,0,0,0,0,0,0,0,0,0,0,0,0,0,0,0,0,0,0,
0,0,0,0,0,0,0,0,0,0,0,0,0,0,0,0,0,0,0,0,
0,0,0,0,0,0,0,0,0,0,0,0,0,0,0,0,0,0,0,0,
0,0,0,0,0,0,0,0,0,0,0,0,0,0,0,0,0,0,0,0,
0,0,0,0,0,0,0,0,0,0,0,0,0,0,0,0,0,0,0,0,
0,0,0,0,0,0,0,0,0,0,0,0,0,0,0,0,0,0,0,0
</data>
 </layer>
 <layer id="8" name="EntryCollider" width="20" height="20" opacity="0.5">
  <properties>
   <property name="unity:IsTrigger" type="bool" value="true"/>
   <property name="unity:ignore" value="Visual"/>
   <property name="unity:layer" value="ZoneCollider"/>
  </properties>
  <data encoding="csv">
0,0,0,0,0,0,0,0,0,0,0,0,0,0,0,0,0,0,0,0,
0,0,0,0,0,0,0,0,0,0,0,0,0,0,0,0,0,0,0,0,
0,0,0,0,0,0,0,0,0,0,0,0,0,0,0,0,0,0,0,0,
0,0,0,0,0,0,0,0,0,0,0,0,0,0,0,0,0,0,0,0,
0,0,0,0,0,0,0,0,0,0,0,0,0,0,0,0,0,0,0,0,
0,0,0,0,20,20,20,20,20,0,0,20,20,20,20,20,0,0,0,0,
0,0,0,0,20,20,20,20,20,20,20,20,20,20,20,20,0,0,0,0,
0,0,0,0,20,20,20,20,20,20,20,20,20,20,20,20,0,0,0,0,
0,0,0,0,20,20,20,20,20,20,20,20,20,20,20,20,0,0,0,0,
0,0,0,0,20,20,20,20,20,20,20,20,20,20,20,20,0,0,0,0,
0,0,0,0,20,20,20,20,20,20,20,20,20,20,20,20,0,0,0,0,
0,0,0,0,20,20,20,20,20,20,20,20,20,20,20,20,0,0,0,0,
0,0,0,0,0,20,20,20,20,20,20,20,20,20,20,0,0,0,0,0,
0,0,0,0,0,20,20,20,20,20,20,20,20,20,20,0,0,0,0,0,
0,0,0,20,20,20,20,20,20,20,20,20,20,20,20,20,0,0,0,0,
0,0,0,20,20,20,20,20,20,0,0,20,20,20,20,20,0,0,0,0,
0,0,0,20,20,20,20,20,20,0,0,20,20,20,20,20,0,0,0,0,
0,0,0,0,0,0,0,0,0,0,0,0,0,0,0,0,0,0,0,0,
0,0,0,0,0,0,0,0,0,0,0,0,0,0,0,0,0,0,0,0,
0,0,0,0,0,0,0,0,0,0,0,0,0,0,0,0,0,0,0,0
</data>
 </layer>
 <objectgroup id="9" name="Doors">
  <object id="1" template="../Templates/01_Door_Side.tx" x="48" y="224">
   <properties>
    <property name="SetDirection" value="West"/>
   </properties>
  </object>
  <object id="2" template="../Templates/01_Door_Side.tx" x="256" y="224"/>
  <object id="3" template="../Templates/01_Door_Top.tx" x="144" y="80"/>
  <object id="4" template="../Templates/01_Door_Top.tx" x="144" y="288">
   <properties>
    <property name="SetDirection" value="South"/>
   </properties>
  </object>
  <object id="5" template="../Templates/Spawner.tx" x="96" y="160"/>
  <object id="6" template="../Templates/Spawner.tx" x="112" y="208"/>
  <object id="7" template="../Templates/Spawner.tx" x="192" y="208"/>
  <object id="8" template="../Templates/Spawner.tx" x="208" y="160"/>
 </objectgroup>
</map>
